15931182073,00012494,848130159690001
18056003581,00008170,848340459690002
15615962485,00012436,848370159690003
13858114401,00007662,848330159690004
18258823555,00008573,848331059690005
15556988878,00008128,848340259690006
18616673372,00007559,848460059690007
15006725226,00009525,848370459690008
13563284788,00008679,848370459690009
18868820861,00009014,848330159690010
13006566192,00008077,848370759690011
18255050377,00009341,848320359690012
15850757273,00012462,848320159690013
13757111745,00007571,848330859690014
13957010502,00013216,848330859690015
13914302201,00012351,848320459690016
13575879307,00013164,848331059690017
18058786230,00009010,848340559690018
18346641315,00012341,848230659690019
18910721866,00009266,848420359690020
15846509342,00009025,848230159690021